[{"id": 0, "img_name": "frame000001.jpg", "width": 1646, "height": 719, "position": [-5.657510155697479, 5.4928711646113895, -5.065641931568748], "rotation": [[-0.04965399332002123, -0.6225337926776294, 0.7810161018655294], [0.6500644015037975, -0.6138171240854179, -0.4479339259408412], [0.758255068098018, 0.4854690567746537, 0.4351655352783848]], "fy": -2.2013026214673674e-14, "fx": 2.9107911586761044}, {"id": 1, "img_name": "frame000002.jpg", "width": 1646, "height": 719, "position": [-5.651183497124895, 5.4876008813102715, -5.068781498076148], "rotation": [[-0.05013877061895294, -0.6232506166270991, 0.7804132174002723], [0.6499957056006386, -0.6136276771596391, -0.44829307731231366], [0.7582820739802782, 0.48478837582945045, 0.4358767443380652]], "fy": -2.2013026214673674e-14, "fx": 2.911353588104216}, {"id": 2, "img_name": "frame000003.jpg", "width": 1646, "height": 719, "position": [-5.677566382505643, 5.464938159690152, -5.074843473335077], "rotation": [[-0.05123189169940124, -0.6222133421204868, 0.7811695177471347], [0.649545027223802, -0.6149109812823585, -0.4471864145928134], [0.7585950936954887, 0.4844945703254056, 0.4356586697364278]], "fy": -2.2013026214673674e-14, "fx": 2.914549827575637}, {"id": 3, "img_name": "frame000004.jpg", "width": 1646, "height": 719, "position": [-5.68519686649867, 5.373850694387595, -5.089404415502694], "rotation": [[-0.0522676470617566, -0.6203850616150862, 0.7825538066243176], [0.6498362750912124, -0.6161458373470106, -0.44505854693949787], [0.7582749504717544, 0.4852696878573451, 0.4353532188574973]], "fy": -2.2013026214673674e-14, "fx": 2.9134063720702668}, {"id": 4, "img_name": "frame000005.jpg", "width": 1646, "height": 719, "position": [-5.74774127920574, 5.231409017339519, -5.12509121832143], "rotation": [[-0.05654187068789704, -0.6175805794601253, 0.7844725987049721], [0.649790862640839, -0.6193059137906756, -0.4407176425882844], [0.7580071669012839, 0.4848241263940938, 0.43631491899113767]], "fy": -2.2013026214673674e-14, "fx": 2.912064552307131}, {"id": 5, "img_name": "frame000006.jpg", "width": 1646, "height": 719, "position": [-5.7682926314508896, 5.089034594490115, -5.195022645726453], "rotation": [[-0.0662392275740779, -0.6174822956956108, 0.7837907777328104], [0.648698108148664, -0.6235055042888148, -0.4363847576809674], [0.7581577231954244, 0.4795378053442823, 0.4418601160008273]], "fy": -2.2013026214673674e-14, "fx": 2.913619995117261}, {"id": 6, "img_name": "frame000007.jpg", "width": 1646, "height": 719, "position": [-5.781980541768526, 4.93189260249732, -5.2792750596960225], "rotation": [[-0.0892362447613469, -0.6178175054676732, 0.7812416058149813], [0.6461955921896486, -0.6327966489062264, -0.4266142213885786], [0.757936787175117, 0.4667654305901575, 0.45569932136718333]], "fy": -2.2013026214673674e-14, "fx": 2.919224023819023}, {"id": 7, "img_name": "frame000008.jpg", "width": 1646, "height": 719, "position": [-5.812367821530301, 4.7626776911349396, -5.340481492535223], "rotation": [[-0.12826156541861752, -0.6138774507320438, 0.7789117221006877], [0.6417946318859953, -0.6501437279236362, -0.4067097483050427], [0.7560744975367515, 0.4477361325231175, 0.47737168030760413]], "fy": -2.2013026214673674e-14, "fx": 2.9187724590301456}, {"id": 8, "img_name": "frame000009.jpg", "width": 1646, "height": 719, "position": [-5.805611629450054, 4.618764212806054, -5.400939460080578], "rotation": [[-0.1823312013722307, -0.6062554596345214, 0.7740863351829632], [0.6362168377726247, -0.6729987043060628, -0.3772278946448292], [0.7496555689036515, 0.4237063450397026, 0.5084185900430566]], "fy": -2.2013026214673674e-14, "fx": 2.917827606201187}, {"id": 9, "img_name": "frame000010.jpg", "width": 1646, "height": 719, "position": [-5.813059212739045, 4.518265335948715, -5.462913376944758], "rotation": [[-0.25880369235775214, -0.5917815099012456, 0.7634233921931283], [0.6268806633858163, -0.7041975210066801, -0.3333563580249643], [0.7348749996302907, 0.39230150662686863, 0.5532253216957298]], "fy": -2.2013026214673674e-14, "fx": 2.9189834594726394}, {"id": 10, "img_name": "frame000011.jpg", "width": 1646, "height": 719, "position": [-5.813912657073526, 4.415324621891299, -5.556397099091205], "rotation": [[-0.305552921950591, -0.5788340810685975, 0.7560347328101372], [0.6181705331897291, -0.7245145928706951, -0.3048668478886369], [0.7242255191014393, 0.37420543774656656, 0.5791957246347852]], "fy": -2.2013026214673674e-14, "fx": 2.920642375946112}, {"id": 11, "img_name": "frame000012.jpg", "width": 1646, "height": 719, "position": [-5.851445943472015, 4.28083920390622, -5.616024641758564], "rotation": [[-0.33951646690925785, -0.5682298280251072, 0.7495621490031467], [0.6066967264902868, -0.7412644189896895, -0.2871343281093231], [0.7187820495404909, 0.35727006991263527, 0.5964146691487024]], "fy": -2.2013026214673674e-14, "fx": 2.921386003494238}, {"id": 12, "img_name": "frame000013.jpg", "width": 1646, "height": 719, "position": [-5.865842522230276, 4.111885810398456, -5.622994521453779], "rotation": [[-0.36243669141018253, -0.5599090961610014, 0.7450781595682718], [0.5948944407980877, -0.7543774875239498, -0.2775161798547189], [0.7174540153466306, 0.3426608086866613, 0.606500874209777]], "fy": -2.2013026214673674e-14, "fx": 2.9204258918761745}, {"id": 13, "img_name": "frame000014.jpg", "width": 1646, "height": 719, "position": [-5.888241718036951, 3.9237992045672936, -5.573144658172045], "rotation": [[-0.3803491542751268, -0.5539812161003751, 0.7405669182789001], [0.5810022440709689, -0.7661392915936553, -0.274712601308159], [0.7195630206074072, 0.3257843353216154, 0.613264733952492]], "fy": -2.2013026214673674e-14, "fx": 2.9207773208618564}, {"id": 14, "img_name": "frame000015.jpg", "width": 1646, "height": 719, "position": [-5.868028271099815, 3.623530417628303, -5.502237834662155], "rotation": [[-0.3945052977653069, -0.5476297296817846, 0.737880254942372], [0.5611390617985783, -0.7794677599111637, -0.2784833781913227], [0.7276596352615526, 0.30419026574447683, 0.6148005720206191]], "fy": -2.2013026214673674e-14, "fx": 2.9258949756621733}, {"id": 15, "img_name": "frame000016.jpg", "width": 1646, "height": 719, "position": [-5.753716740194767, 3.3862905547194924, -5.444651981923676], "rotation": [[-0.4128840852977897, -0.5403002643659744, 0.733213734593663], [0.5467819761316396, -0.7908660760389908, -0.27488243118718597], [0.7283929069178996, 0.2874134734556768, 0.6219624384904398]], "fy": -2.2013026214673674e-14, "fx": 2.9240844249725564}, {"id": 16, "img_name": "frame000017.jpg", "width": 1646, "height": 719, "position": [-5.645145313080405, 3.2204665941739807, -5.428273874022001], "rotation": [[-0.44506055107266496, -0.5324020865383018, 0.7200480023459802], [0.5331743496636898, -0.8035625799451296, -0.2645983652859656], [0.7194763514483817, 0.2661488311095252, 0.6414971393475245]], "fy": -2.2013026214673674e-14, "fx": 2.9227595329284495}, {"id": 17, "img_name": "frame000018.jpg", "width": 1646, "height": 719, "position": [-5.541503489086884, 3.096026594767759, -5.410421135352711], "rotation": [[-0.4809905975277392, -0.5217965734334341, 0.7045398305166919], [0.5165601970457742, -0.8179731653239916, -0.25315104878352146], [0.70838802902039, 0.24217395942853268, 0.6629767505998602]], "fy": -2.2013026214673674e-14, "fx": 2.921907901764}, {"id": 18, "img_name": "frame000019.jpg", "width": 1646, "height": 719, "position": [-5.40532116311285, 3.0092842575904557, -5.479604577364581], "rotation": [[-0.513608169312368, -0.5127178342116089, 0.6879876924600054], [0.5090290919445919, -0.8275577692923732, -0.23672244272430643], [0.690721380912123, 0.22862316990334863, 0.6860287303794854]], "fy": -2.2013026214673674e-14, "fx": 2.921986818313543}, {"id": 19, "img_name": "frame000020.jpg", "width": 1646, "height": 719, "position": [-5.252941126909929, 2.8845353150272506, -5.662536908607722], "rotation": [[-0.5545883081878106, -0.49904488219466003, 0.665872381874759], [0.4957649417831068, -0.8408403490300184, -0.21726630586595275], [0.6683179975782781, 0.20962282967549828, 0.7137291686262248]], "fy": -2.2013026214673674e-14, "fx": 2.930175542831401}, {"id": 20, "img_name": "frame000021.jpg", "width": 1646, "height": 719, "position": [-5.074039378433796, 2.741633937302029, -5.8755171371013795], "rotation": [[-0.5874260016222355, -0.48739618027963055, 0.6460461771742597], [0.4809016667655436, -0.8522959572095915, -0.20573088335148004], [0.6508949888382697, 0.18983301322816334, 0.7350504348396991]], "fy": -2.2013026214673674e-14, "fx": 2.9312508106231143}, {"id": 21, "img_name": "frame000022.jpg", "width": 1646, "height": 719, "position": [-4.9238927977158635, 2.612747974985983, -6.121932547608133], "rotation": [[-0.6316939126636982, -0.47109268387415054, 0.6156577318129389], [0.4607550233786597, -0.8668344034570593, -0.19053314231348045], [0.6234320876985188, 0.1633087661112162, 0.7646323776832025]], "fy": -2.2013026214673674e-14, "fx": 2.935108423233107}, {"id": 22, "img_name": "frame000023.jpg", "width": 1646, "height": 719, "position": [-4.756151845528501, 2.3616026681897933, -6.380324698311641], "rotation": [[-0.6528579583686471, -0.4467089239608292, 0.6117414774234772], [0.44575575552419955, -0.8795268128021317, -0.16653649852979033], [0.6124363676036478, 0.1639626060395202, 0.7733291414842729]], "fy": -2.2013026214673674e-14, "fx": 2.9342231750488805}, {"id": 23, "img_name": "frame000024.jpg", "width": 1646, "height": 719, "position": [-4.63974286436223, 2.1112740518488566, -6.61532305998572], "rotation": [[-0.6681038802148129, -0.41423537056860077, 0.6180989326573122], [0.42471153458223915, -0.8943873398667075, -0.14032615563459863], [0.6109479070878417, 0.16876129690269678, 0.7734741645540818]], "fy": -2.2013026214673674e-14, "fx": 2.9344239234924903}, {"id": 24, "img_name": "frame000025.jpg", "width": 1646, "height": 719, "position": [-4.479753544219176, 1.9749990483684474, -6.787626382335132], "rotation": [[-0.679873547139131, -0.3930324416495722, 0.6191102414997223], [0.41029228635798387, -0.9036100640670562, -0.12308179180850005], [0.6078093706697907, 0.17033610166558466, 0.7755987271729542]], "fy": -0.001390820601929163, "fx": 2.927808284759503}, {"id": 25, "img_name": "frame000026.jpg", "width": 1646, "height": 719, "position": [-4.2448576275455, 2.0736247748457535, -6.870969651554967], "rotation": [[-0.7240585018866655, -0.3919895787783694, 0.5675239366234591], [0.4007216761907344, -0.9087704714337738, -0.11644022993283365], [0.5613923643427293, 0.1431096050063707, 0.8150817444945175]], "fy": -0.001390820601929163, "fx": 2.9235625267028595}, {"id": 26, "img_name": "frame000027.jpg", "width": 1646, "height": 719, "position": [-4.0544661733758804, 2.139393336689223, -6.887788940983119], "rotation": [[-0.7462492249198793, -0.39994932361078284, 0.5321208677549625], [0.4000289791498441, -0.9083799999051989, -0.12174799906001332], [0.5320609882310021, 0.12200941757938466, 0.8378692054471292]], "fy": -2.2013026214673674e-14, "fx": 2.9284589290619216}, {"id": 27, "img_name": "frame000028.jpg", "width": 1646, "height": 719, "position": [-3.8196261692931697, 2.076549268709026, -6.895659135866849], "rotation": [[-0.7538481067941405, -0.4025306182689138, 0.5193093120914811], [0.39855970655943146, -0.9084963923959516, -0.12563636495764713], [0.5223631118064724, 0.11226503128114831, 0.8453007421498608]], "fy": -0.001390820601929163, "fx": 2.930548906326382}, {"id": 28, "img_name": "frame000029.jpg", "width": 1646, "height": 719, "position": [-3.606158831751339, 1.9224705403330205, -6.865502301828899], "rotation": [[-0.7646446842387705, -0.3956317593290435, 0.5087180080352164], [0.392116005946962, -0.9120641850166413, -0.11993312135471022], [0.511432828990587, 0.10777024973473587, 0.8525385822276204]], "fy": -2.2013026214673674e-14, "fx": 2.9270260334015132}, {"id": 29, "img_name": "frame000030.jpg", "width": 1646, "height": 719, "position": [-3.381840834387435, 1.7620353381924443, -6.8686440605547565], "rotation": [[-0.7843984325006264, -0.38201490486797807, 0.488654971441642], [0.3813022379155124, -0.9183674108440512, -0.1058766704265262], [0.4892112754388886, 0.10327573983610555, 0.8660291261035962]], "fy": -0.001390820601929163, "fx": 2.9258947372437007}, {"id": 30, "img_name": "frame000031.jpg", "width": 1646, "height": 719, "position": [-3.1895158778282586, 1.567579628205516, -6.888191674071567], "rotation": [[-0.8132330669113391, -0.35597778820101383, 0.4603605671660674], [0.3567496539428996, -0.9299607709436709, -0.08889719513358472], [0.4597626799834568, 0.09193933433798268, 0.8832697440018947]], "fy": -0.001390820601929163, "fx": 2.926628828048754}, {"id": 31, "img_name": "frame000032.jpg", "width": 1646, "height": 719, "position": [-3.0214206764869003, 1.5023884809372163, -6.900746043031664], "rotation": [[-0.8342863838912351, -0.3403767776675947, 0.43371635723292407], [0.34191365691985376, -0.9365469762981431, -0.07729690829679381], [0.43250581558918394, 0.08380578765917775, 0.8977278593298846]], "fy": -0.001390820601929163, "fx": 2.9258654117584273}, {"id": 32, "img_name": "frame000033.jpg", "width": 1646, "height": 719, "position": [-2.825275602834237, 1.4423339288497945, -6.966074696645604], "rotation": [[-0.8565177412347602, -0.3232998554669768, 0.4023115289512575], [0.32585045914478095, -0.9432351750870507, -0.06425641492327429], [0.40024847425968024, 0.07605663704561545, 0.9132450640421675]], "fy": -0.001390820601929163, "fx": 2.9277024269103147}, {"id": 33, "img_name": "frame000034.jpg", "width": 1646, "height": 719, "position": [-2.5968761771377937, 1.3683668737910484, -7.0759757710706905], "rotation": [[-0.883444418218709, -0.2955413635991349, 0.36356747322074384], [0.2973283036290912, -0.9533325182248986, -0.05246938630815198], [0.3621075600470105, 0.061745113494681154, 0.9300890589596605]], "fy": -0.001390820601929163, "fx": 2.93357348442085}, {"id": 34, "img_name": "frame000035.jpg", "width": 1646, "height": 719, "position": [-2.356416733436455, 1.2531500598657637, -7.230988803855694], "rotation": [[-0.9104647971070075, -0.25297409907129037, 0.3271971007072779], [0.2524592435531362, -0.9665693773609918, -0.04481018761726409], [0.32759451744001744, 0.04180583414770156, 0.9438930574556024]], "fy": -0.001390820601929163, "fx": 2.937890768051089}, {"id": 35, "img_name": "frame000036.jpg", "width": 1646, "height": 719, "position": [-1.9680566545570213, 1.1472741061472003, -7.48696190138583], "rotation": [[-0.9393192112132923, -0.17970303116584574, 0.2922092285856073], [0.184161149743216, -0.982817588072068, -0.01241984641113666], [0.28942025431203916, 0.04214738721945323, 0.9562737651907008]], "fy": -0.001390820601929163, "fx": 2.9409909248352055}, {"id": 36, "img_name": "frame000037.jpg", "width": 1646, "height": 719, "position": [-1.6927580769618926, 1.087730989562551, -7.644066295191315], "rotation": [[-0.9551177536466195, -0.13537145897860595, 0.2634854967309286], [0.14340432659650182, -0.9895984656220942, 0.011403399058717447], [0.25920115356021173, 0.04867654969995435, 0.9645959541789038]], "fy": -0.001390820601929163, "fx": 2.936340332031311}, {"id": 37, "img_name": "frame000038.jpg", "width": 1646, "height": 719, "position": [-1.5392458008792833, 1.0420474907073183, -7.743896870578934], "rotation": [[-0.9764058084822402, -0.09309364782035497, 0.1948467896340791], [0.09757182849890773, -0.9951370362632126, 0.013491437589950387], [0.19264328947198522, 0.03218467555162722, 0.9807408983498078]], "fy": -2.2013026214673674e-14, "fx": 2.935177803039564}, {"id": 38, "img_name": "frame000039.jpg", "width": 1646, "height": 719, "position": [-1.3428204812023732, 0.9957336587847929, -7.779611591476715], "rotation": [[-0.9866155219695656, -0.07358235296938898, 0.1455177651133633], [0.07590038459794159, -0.9970607913150777, 0.010434591990494579], [0.14432225833177734, 0.02133978499450719, 0.9893006111234677]], "fy": -2.2013026214673674e-14, "fx": 2.9362726211547083}, {"id": 39, "img_name": "frame000040.jpg", "width": 1646, "height": 719, "position": [-1.0749556468564487, 0.9600572507242559, -7.761887061440477], "rotation": [[-0.9907514721754587, -0.06307832687738373, 0.12013591216110925], [0.0641981523408091, -0.9979221752162059, 0.005470077734951026], [0.11954124789568701, 0.013131991195171791, 0.9927423839198317]], "fy": -2.2013026214673674e-14, "fx": 2.9400174617767836}, {"id": 40, "img_name": "frame000041.jpg", "width": 1646, "height": 719, "position": [-0.6776199148006312, 0.8431068237864143, -7.669981031735666], "rotation": [[-0.993463595584058, -0.042868288867119235, 0.10579415498267801], [0.04351495781258665, -0.9990455123987003, 0.003810747690673541], [0.1055298150546208, 0.00838946726546989, 0.9943807495116683]], "fy": -0.001390820601929163, "fx": 2.9423580169678467}, {"id": 41, "img_name": "frame000042.jpg", "width": 1646, "height": 719, "position": [-0.3360951201195372, 0.7357321389019005, -7.602620459635882], "rotation": [[-0.9947621064063089, -0.019284334396837563, 0.10038141950661283], [0.01987584127307952, -0.9997904510164014, 0.004895730256664012], [0.10026597562971694, 0.006865252211653586, 0.9949369841099903]], "fy": -0.001390820601929163, "fx": 2.940684318542458}, {"id": 42, "img_name": "frame000043.jpg", "width": 1646, "height": 719, "position": [-0.043328883011636725, 0.6810476145385418, -7.541484096015471], "rotation": [[-0.9962326319731067, 0.009254484511003701, 0.08622589069347979], [-0.008071051953523912, -0.9998685352585629, 0.014063322865043266], [0.08634470354232418, 0.013314407462539346, 0.9961763492158285]], "fy": -2.2013026214673674e-14, "fx": 2.9338021278382156}, {"id": 43, "img_name": "frame000044.jpg", "width": 1646, "height": 719, "position": [0.1795928639409167, 0.6322970855911683, -7.466664836204417], "rotation": [[-0.9991667571712115, 0.03833252010599853, 0.01401572134533988], [-0.03807894187148716, -0.9991138311814916, 0.017932587808407868], [0.014690702108983749, 0.01738394149442453, 0.9997409573753111]], "fy": -2.2013026214673674e-14, "fx": 2.9306755065918053}, {"id": 44, "img_name": "frame000045.jpg", "width": 1646, "height": 719, "position": [0.3192603317305201, 0.597932481145676, -7.423200970509173], "rotation": [[-0.997631348442326, 0.058339877245158454, -0.03644319597803424], [-0.059099335357918566, -0.9980492799081834, 0.020121099139064944], [-0.03519824385286636, 0.022227208401678494, 0.9991331416867845]], "fy": -2.2013026214673674e-14, "fx": 2.9310288429259503}, {"id": 45, "img_name": "frame000046.jpg", "width": 1646, "height": 719, "position": [0.48794141825956827, 0.5937259246694441, -7.39630455528229], "rotation": [[-0.994004519245648, 0.07741764516219447, -0.07721119599680008], [-0.07913905011885049, -0.9966731550507656, 0.019485319036413512], [-0.0754458170875086, 0.02547891538518257, 0.9968243343870684]], "fy": -2.2013026214673674e-14, "fx": 2.9328925609587824}, {"id": 46, "img_name": "frame000047.jpg", "width": 1646, "height": 719, "position": [0.7796059260455047, 0.6566964142449508, -7.413585565693255], "rotation": [[-0.9896791833861557, 0.09988032632654076, -0.10275704254213085], [-0.10239236696921142, -0.9945537914850636, 0.019455959906040484], [-0.10025413989229524, 0.029776695624713596, 0.9945161918060197]], "fy": -2.2013026214673674e-14, "fx": 2.9367690086364973}, {"id": 47, "img_name": "frame000048.jpg", "width": 1646, "height": 719, "position": [1.0951892104996794, 0.7120598788522923, -7.4617922834673385], "rotation": [[-0.9865771993744333, 0.12238143077677642, -0.10811222622822834], [-0.12469677394886694, -0.9920830915643083, 0.0148960561837293], [-0.1054333089006493, 0.028177354810427414, 0.9940270892513723]], "fy": -0.001390820601929163, "fx": 2.93935060501095}, {"id": 48, "img_name": "frame000049.jpg", "width": 1646, "height": 719, "position": [1.3825235256872654, 0.8055746039606264, -7.539562528096072], "rotation": [[-0.9785379231415896, 0.1634189965574782, -0.1255296405992679], [-0.16519385799099384, -0.9862537936368138, 0.0037907337102231005], [-0.12318461099863814, 0.024446102841913033, 0.992082627291377]], "fy": -0.001390820601929163, "fx": 2.9368555545807196}, {"id": 49, "img_name": "frame000050.jpg", "width": 1646, "height": 719, "position": [1.6134366730203713, 0.8964912113047163, -7.630092308009144], "rotation": [[-0.9554435519276857, 0.224781290118845, -0.19131385045234758], [-0.22671651737951365, -0.9738868017470736, -0.012004865693641608], [-0.1890165032733922, 0.03190403838897677, 0.981455497621915]], "fy": -2.2013026214673674e-14, "fx": 2.9357535839079976}, {"id": 50, "img_name": "frame000051.jpg", "width": 1646, "height": 719, "position": [1.8184529056740357, 0.9147410470677213, -7.693434267924323], "rotation": [[-0.9223359050360911, 0.2732004157300794, -0.2732362900181719], [-0.2757617633824211, -0.960764695828744, -0.02977766516418936], [-0.2706510432165382, 0.04788311112829567, 0.9614859445970482]], "fy": -2.2013026214673674e-14, "fx": 2.9349362850189387}, {"id": 51, "img_name": "frame000052.jpg", "width": 1646, "height": 719, "position": [2.1177811796706836, 0.9576871038963055, -7.650229255000555], "rotation": [[-0.899489234946007, 0.2914278926382985, -0.3255593733446644], [-0.2940474961443179, -0.9548533498323285, -0.042322056459851015], [-0.323195284915216, 0.05766168436781736, 0.9445739452993939]], "fy": -2.2013026214673674e-14, "fx": 2.939916610717723}, {"id": 52, "img_name": "frame000053.jpg", "width": 1646, "height": 719, "position": [2.3952495186166476, 1.055529990956339, -7.494048234246101], "rotation": [[-0.895524985777657, 0.2909034775698754, -0.3367642445393826], [-0.2930923651892602, -0.9549982901951837, -0.04555349258800796], [-0.33486094894775864, 0.05790873817441871, 0.9404864287128551]], "fy": -2.2013026214673674e-14, "fx": 2.9461307525634055}, {"id": 53, "img_name": "frame000054.jpg", "width": 1646, "height": 719, "position": [2.678294003140462, 1.1366427046150793, -7.228891754739603], "rotation": [[-0.8950945940453786, 0.29061869388855854, -0.33815155568796823], [-0.29272590419742117, -0.9550900613320167, -0.045984268125960334], [-0.3363290722841054, 0.05782544998343117, 0.939967538529327]], "fy": -2.2013026214673674e-14, "fx": 2.9433956146239617}, {"id": 54, "img_name": "frame000055.jpg", "width": 1646, "height": 719, "position": [2.9368595414645915, 1.1648478724804758, -6.940581969946072], "rotation": [[-0.8893956389532343, 0.2998237602396316, -0.34508132888740056], [-0.3022981972547756, -0.9520031450680331, -0.048019011850315235], [-0.3429157486722347, 0.06160956385445181, 0.9373436143680749]], "fy": -2.2013026214673674e-14, "fx": 2.941001176834154}, {"id": 55, "img_name": "frame000056.jpg", "width": 1646, "height": 719, "position": [3.120584085406707, 1.2068515645780928, -6.707086672414717], "rotation": [[-0.8776389074938, 0.3212792705760084, -0.35570994118722205], [-0.3256578207235432, -0.9442006758189924, -0.04931582831383983], [-0.35170572324439286, 0.07255823467281682, 0.9332943727713241]], "fy": -2.2013026214673674e-14, "fx": 2.9360048770903893}, {"id": 56, "img_name": "frame000057.jpg", "width": 1646, "height": 719, "position": [3.3133868716619843, 1.1628808032668572, -6.471884832905186], "rotation": [[-0.8367848348230875, 0.3446300165170304, -0.42546593680436356], [-0.36140316230888775, -0.931387802593377, -0.043640410613029555], [-0.4113135858909588, 0.11724710180132113, 0.9039215948784467]], "fy": -2.2013026214673674e-14, "fx": 2.9323167800903662}, {"id": 57, "img_name": "frame000058.jpg", "width": 1646, "height": 719, "position": [3.483982318751344, 1.1074385130746511, -6.343419349066195], "rotation": [[-0.8077190795976881, 0.35582945423386064, -0.4700801090031361], [-0.38152370827183596, -0.9233410092387296, -0.04337122260096037], [-0.4494769954149761, 0.1443149417871481, 0.8815575021181754]], "fy": -2.2013026214673674e-14, "fx": 2.933103799819919}, {"id": 58, "img_name": "frame000059.jpg", "width": 1646, "height": 719, "position": [3.742324425989019, 1.1758451614892722, -6.1867585849001205], "rotation": [[-0.7802537113011189, 0.3721019591622059, -0.5027367918223357], [-0.4007767505066668, -0.9145304818292301, -0.05488167465779487], [-0.4801896980543038, 0.15866358733992847, 0.8626956127353995]], "fy": -2.2013026214673674e-14, "fx": 2.9397678375244727}, {"id": 59, "img_name": "frame000060.jpg", "width": 1646, "height": 719, "position": [4.076420583198236, 1.2941256088506736, -5.973719302436121], "rotation": [[-0.7479038966945355, 0.39450868973362, -0.5338563780038307], [-0.42196104882152785, -0.9033858442640761, -0.07643863514738197], [-0.5124340073493784, 0.1680978446929665, 0.8421131163157978]], "fy": -0.001390820601929163, "fx": 2.9378304481506423}, {"id": 60, "img_name": "frame000061.jpg", "width": 1646, "height": 719, "position": [4.402035075877123, 1.500069234303361, -5.8441015724024385], "rotation": [[-0.691794632512746, 0.437917416860936, -0.5741502589751823], [-0.4616953947722443, -0.879604952801871, -0.11459706197690124], [-0.5552094616606649, 0.18580489815255521, 0.8106904422892116]], "fy": -0.001390820601929163, "fx": 2.9368853569030318}, {"id": 61, "img_name": "frame000062.jpg", "width": 1646, "height": 719, "position": [4.681106068753151, 1.7950794207210836, -5.8126922589270915], "rotation": [[-0.607644976464433, 0.49396086514787385, -0.6219085346760537], [-0.5186763385391822, -0.8398168414382005, -0.1602576204079172], [-0.6014502619835992, 0.22518950411061406, 0.7665163185352052]], "fy": -0.001390820601929163, "fx": 2.9343719482421036}, {"id": 62, "img_name": "frame000063.jpg", "width": 1646, "height": 719, "position": [4.838651397840542, 1.925505653171135, -5.772581634915337], "rotation": [[-0.5459527649997741, 0.5205057334405463, -0.6565130428452198], [-0.5486595755202287, -0.8143195657699835, -0.18935768608698889], [-0.6331731707521514, 0.2568218147778242, 0.730160457717026]], "fy": -0.001390820601929163, "fx": 2.933802843093865}, {"id": 63, "img_name": "frame000064.jpg", "width": 1646, "height": 719, "position": [4.97412089414255, 2.009535010804732, -5.682164499886827], "rotation": [[-0.5204357334475553, 0.5262476617743035, -0.6724656360210337], [-0.5602027178725287, -0.8047759555481118, -0.1962359788766908], [-0.6444529059910641, 0.27458886174522706, 0.7136395492760437]], "fy": -0.001390820601929163, "fx": 2.9353234767914294}, {"id": 64, "img_name": "frame000065.jpg", "width": 1646, "height": 719, "position": [5.129536048033149, 2.127196521121475, -5.488233916165622], "rotation": [[-0.5082496605513488, 0.532098904004754, -0.677165456984181], [-0.5638455231381516, -0.799937568166336, -0.20537315703585188], [-0.6509689130924142, 0.2774358735829744, 0.7065895651562297]], "fy": -0.001390820601929163, "fx": 2.937355995178174}, {"id": 65, "img_name": "frame000066.jpg", "width": 1646, "height": 719, "position": [5.225129218036038, 2.266333607179745, -5.195564296459945], "rotation": [[-0.49707897373464605, 0.5415321655110259, -0.67797891546026], [-0.5667784176934224, -0.7942665945576106, -0.2188670936172813], [-0.6570195745399616, 0.27546958661252285, 0.7017419653728144]], "fy": -0.001390820601929163, "fx": 2.9357688426972066}, {"id": 66, "img_name": "frame000067.jpg", "width": 1646, "height": 719, "position": [5.271121283529311, 2.4162806575003013, -4.906021768933065], "rotation": [[-0.47755034188690126, 0.5589991764237163, -0.6778389151911008], [-0.5783419697000262, -0.7807797286159049, -0.23643939044539097], [-0.6614123073192208, 0.2791109815616378, 0.6961543078670067]], "fy": -0.001390820601929163, "fx": 2.9335978031158025}, {"id": 67, "img_name": "frame000068.jpg", "width": 1646, "height": 719, "position": [5.288234475797543, 2.6204317479179617, -4.629342134560579], "rotation": [[-0.4329453298523106, 0.5833470051178303, -0.6872151019621071], [-0.6050074033037487, -0.7531929894009108, -0.2581982616856815], [-0.6682247875471148, 0.3039844930418498, 0.6790206606400832]], "fy": -0.001390820601929163, "fx": 2.9305655956268923}, {"id": 68, "img_name": "frame000069.jpg", "width": 1646, "height": 719, "position": [5.373747861685418, 2.6444171555429024, -4.437625775755131], "rotation": [[-0.3874534098010509, 0.5895695904398518, -0.7087224581836374], [-0.6218882118502567, -0.7346596998446463, -0.27116441362757215], [-0.6805401359706587, 0.3356825662510347, 0.6512928146199072]], "fy": -0.001390820601929163, "fx": 2.9271986484527255}, {"id": 69, "img_name": "frame000070.jpg", "width": 1646, "height": 719, "position": [5.522172874581729, 2.6333102637551153, -4.281091521478163], "rotation": [[-0.3443050048675176, 0.59136520916131, -0.729205902215964], [-0.6292800912145424, -0.7217641773676166, -0.2882065794224086], [-0.6967500450190262, 0.35964378906766636, 0.6206413765504072]], "fy": -0.001390820601929163, "fx": 2.928731203079207}, {"id": 70, "img_name": "frame000071.jpg", "width": 1646, "height": 719, "position": [5.644554854191312, 2.7412940646257757, -4.063718870630591], "rotation": [[-0.29877543684181723, 0.5965044972931378, -0.7449265837151523], [-0.6348072879724781, -0.7070639663168067, -0.311577027810121], [-0.7125678476843409, 0.3797932619610605, 0.5899187555195011]], "fy": -0.001390820601929163, "fx": 2.932493925094685}, {"id": 71, "img_name": "frame000072.jpg", "width": 1646, "height": 719, "position": [5.753108680904958, 3.00643122770156, -3.795803696196302], "rotation": [[-0.2516132761394922, 0.6077869093724578, -0.7531837670238967], [-0.6408440746873286, -0.6878049060468829, -0.34094460292092166], [-0.7252651832612488, 0.3968871667341226, 0.5625575304340914]], "fy": -0.001390820601929163, "fx": 2.9339838027953764}, {"id": 72, "img_name": "frame000073.jpg", "width": 1646, "height": 719, "position": [5.890640618189591, 3.4103500691792443, -3.562523063395769], "rotation": [[-0.16201665126547338, 0.6213425858095439, -0.7666054798938311], [-0.6532397983213203, -0.64980921678133, -0.3886202509476838], [-0.739613640107362, 0.4378142581244124, 0.5111656526607787]], "fy": -0.001390820601929163, "fx": 2.93328809738154}, {"id": 73, "img_name": "frame000074.jpg", "width": 1646, "height": 719, "position": [5.9984322881638885, 3.703521947332192, -3.481138113814872], "rotation": [[-0.08786284480683641, 0.6292151760034539, -0.7722489494323527], [-0.6613240790236369, -0.6165976749860173, -0.4271508569259401], [-0.7449366685269081, 0.473176134601027, 0.4702911155193198]], "fy": -0.001390820601929163, "fx": 2.929620265960703}, {"id": 74, "img_name": "frame000075.jpg", "width": 1646, "height": 719, "position": [6.020075470717127, 3.836581114354807, -3.4983215868657234], "rotation": [[-0.03340729371084636, 0.6294921326712549, -0.7762883309634688], [-0.6720983594275646, -0.5890179292602922, -0.4487110659323302], [-0.7397078566162653, 0.5067518922908397, 0.44275815941902813]], "fy": -0.001390820601929163, "fx": 2.9273054599762673}, {"id": 75, "img_name": "frame000076.jpg", "width": 1646, "height": 719, "position": [6.098745030233153, 3.923412735416622, -3.369808892878952], "rotation": [[-0.011955874911526351, 0.6270653627238353, -0.7788748900101027], [-0.6702130544281885, -0.5830896128387116, -0.45915245292265877], [-0.7420724527229552, 0.5165225495783135, 0.42723873219456177]], "fy": -0.001390820601929163, "fx": 2.932245731353671}, {"id": 76, "img_name": "frame000077.jpg", "width": 1646, "height": 719, "position": [6.0476233722111825, 3.976509072012772, -3.1683634634607913], "rotation": [[-0.0020635342861412454, 0.62289327592529, -0.7823041140063334], [-0.6707846276201939, -0.5810600047902379, -0.460887494765539], [-0.7416493398720259, 0.5238065160819185, 0.4190262532408489]], "fy": -0.001390820601929163, "fx": 2.9307615756988796}, {"id": 77, "img_name": "frame000078.jpg", "width": 1646, "height": 719, "position": [5.9030639690248, 4.0504104828640335, -2.865613298585224], "rotation": [[0.02107132382749527, 0.6289697719962446, -0.7771441425214861], [-0.6712439080574845, -0.5671705108369107, -0.4772307789442179], [-0.7409369799356623, 0.5317091558276773, 0.4102411012718242]], "fy": -0.001390820601929163, "fx": 2.926605701446541}, {"id": 78, "img_name": "frame000079.jpg", "width": 1646, "height": 719, "position": [5.81855272307801, 4.0773187963174005, -2.5984949981745644], "rotation": [[0.06513155197855752, 0.6320319862052844, -0.7722004187379943], [-0.6664422271585785, -0.5484103110738495, -0.5050751928458107], [-0.7427063189078468, 0.5475232972045321, 0.3854939525112204]], "fy": -0.001390820601929163, "fx": 2.926656723022463}, {"id": 79, "img_name": "frame000080.jpg", "width": 1646, "height": 719, "position": [5.655065093605605, 4.1817504806539905, -2.3424742127276685], "rotation": [[0.091798274074906, 0.6402222912928885, -0.76268505831946], [-0.6616332210782049, -0.5331885376957824, -0.5272110299216305], [-0.7441871815731262, 0.5530148343733927, 0.37464654570270295]], "fy": -0.001390820601929163, "fx": 2.9272685050965004}, {"id": 80, "img_name": "frame000081.jpg", "width": 1646, "height": 719, "position": [5.556881164455268, 4.243841520998937, -2.171519318435048], "rotation": [[0.1230049160262981, 0.6395642760644952, -0.7588328690207713], [-0.659168114182025, -0.5189486818451502, -0.5442330892121964], [-0.7418673625183341, 0.5671417767453178, 0.3577471430277361]], "fy": -0.001390820601929163, "fx": 2.926616907119753}, {"id": 81, "img_name": "frame000082.jpg", "width": 1646, "height": 719, "position": [5.543780267189051, 4.240991662373954, -2.063381618478881], "rotation": [[0.15153449531779478, 0.6298536913537393, -0.7617884150024853], [-0.6595894232342958, -0.5095696077639531, -0.5525219863105243], [-0.7361922673469069, 0.5861937223198034, 0.3382274946312785]], "fy": -2.2013026214673674e-14, "fx": 2.925634860992354}, {"id": 82, "img_name": "frame000083.jpg", "width": 1646, "height": 719, "position": [5.473536942644737, 4.341391180203113, -1.9529357647434822], "rotation": [[0.18736117073047162, 0.6202982874022255, -0.7616598683310748], [-0.6604235070023576, -0.49443795907921345, -0.5651298654814422], [-0.7271427038614574, 0.6089014765183546, 0.31702116675756153]], "fy": -0.001390820601929163, "fx": 2.926735639572136}, {"id": 83, "img_name": "frame000084.jpg", "width": 1646, "height": 719, "position": [5.444630280360133, 4.555217689746165, -1.8103025983948646], "rotation": [[0.2193555853749158, 0.6187462822678012, -0.7543448776786186], [-0.6530907841435198, -0.4812763340082199, -0.5846756137166176], [-0.7248141720241112, 0.6209075485028958, 0.29852681357903077]], "fy": -0.001390820601929163, "fx": 2.9310908317566104}, {"id": 84, "img_name": "frame000085.jpg", "width": 1646, "height": 719, "position": [5.416422139998934, 4.83209790005742, -1.4626760523753033], "rotation": [[0.2731570306728857, 0.6143755247480746, -0.7402215677772487], [-0.6263064076541712, -0.47047294954359303, -0.6216072106532033], [-0.7301544621129198, 0.6334018907417762, 0.25627431572946224]], "fy": -0.001390820601929163, "fx": 2.932411432266168}, {"id": 85, "img_name": "frame000086.jpg", "width": 1646, "height": 719, "position": [5.378894892072869, 5.117492741790997, -1.223615857069802], "rotation": [[0.33774803714341206, 0.5975143726712276, -0.7272570608512403], [-0.6038411302511447, -0.455148461895851, -0.654381964457531], [-0.7220125674278084, 0.6601639496682524, 0.2070782598199271]], "fy": -0.001390820601929163, "fx": 2.931329488754332}, {"id": 86, "img_name": "frame000087.jpg", "width": 1646, "height": 719, "position": [5.306342768276684, 5.495249905652339, -1.0270217861752482], "rotation": [[0.39448904064602835, 0.5895707680171015, -0.7048295294759256], [-0.5787833324508478, -0.43633752913160434, -0.6889262066655211], [-0.7137143757825122, 0.6797174219138258, 0.16910340124985238]], "fy": -0.001390820601929163, "fx": 2.935181617736893}, {"id": 87, "img_name": "frame000088.jpg", "width": 1646, "height": 719, "position": [5.194871024218673, 5.835048818836705, -0.8928906572270026], "rotation": [[0.4330786097782972, 0.5877287805776403, -0.6833870238486495], [-0.5571903918724711, -0.4213971360108518, -0.7155161678706424], [-0.7085067473842409, 0.6906514314471571, 0.1449787176177247]], "fy": -0.001390820601929163, "fx": 2.9305551052092924}, {"id": 88, "img_name": "frame000089.jpg", "width": 1646, "height": 719, "position": [5.089344070462028, 5.959264674607258, -0.9498697884400531], "rotation": [[0.4819413083521807, 0.5634973357660982, -0.6709719332745938], [-0.5500065597364922, -0.4015538716162662, -0.7322890770263869], [-0.6820743118638651, 0.7219593206475267, 0.11640182545154631]], "fy": -0.001390820601929163, "fx": 2.926898479461618}, {"id": 89, "img_name": "frame000090.jpg", "width": 1646, "height": 719, "position": [5.05953073316304, 5.988074279572206, -0.8755832312962003], "rotation": [[0.49991516076675496, 0.5542470955512199, -0.6655035504482185], [-0.5453246276486148, -0.39552445324423685, -0.739040878324181], [-0.6728342062247187, 0.7323732152579817, 0.10451593382482388]], "fy": -0.001390820601929163, "fx": 2.9317502975464502}, {"id": 90, "img_name": "frame000091.jpg", "width": 1646, "height": 719, "position": [4.911409009925952, 5.994258087831348, -0.7029319030519591], "rotation": [[0.5134631763623072, 0.5516397518791162, -0.6573044375208307], [-0.5361448713879764, -0.3918416257609979, -0.7476688703772955], [-0.6700031465017152, 0.736310835852385, 0.09456260510792283]], "fy": -0.001390820601929163, "fx": 2.931332349777233}, {"id": 91, "img_name": "frame000092.jpg", "width": 1646, "height": 719, "position": [4.774730007535815, 5.992753770468754, -0.5768213889148623], "rotation": [[0.5254047211753424, 0.549173770655411, -0.6498908012726895], [-0.5315064961936833, -0.38461059967627126, -0.7547022894314508], [-0.664417585904117, 0.7419453287091149, 0.08981319677135993]], "fy": -0.001390820601929163, "fx": 2.9314925670623726}, {"id": 92, "img_name": "frame000093.jpg", "width": 1646, "height": 719, "position": [4.637618264548521, 5.945296058070164, -0.4644388003077263], "rotation": [[0.5334221794989881, 0.549701024925314, -0.6428760171750719], [-0.5270422578815774, -0.3784592451126971, -0.7609172709227892], [-0.6615793593136903, 0.7447129769095983, 0.08783710211619611]], "fy": -0.001390820601929163, "fx": 2.927074909210249}, {"id": 93, "img_name": "frame000094.jpg", "width": 1646, "height": 719, "position": [4.60168590733353, 5.800019133623295, -0.4046592507751171], "rotation": [[0.5520967702968294, 0.536274059634842, -0.6384350167431381], [-0.5236773045787732, -0.37281017261478766, -0.7660121401754392], [-0.6488075356453219, 0.7572467571339028, 0.07500728041564811]], "fy": -2.2013026214673674e-14, "fx": 2.924290895462108}, {"id": 94, "img_name": "frame000095.jpg", "width": 1646, "height": 719, "position": [4.644265771541479, 5.725139885416813, -0.28777968910684426], "rotation": [[0.5700989967290816, 0.525032897983727, -0.6319237251347789], [-0.5140076225768803, -0.3720986692631258, -0.7728769361213315], [-0.6409237882043931, 0.7654299775225964, 0.05773782921155104]], "fy": -2.2013026214673674e-14, "fx": 2.9269444942475076}, {"id": 95, "img_name": "frame000096.jpg", "width": 1646, "height": 719, "position": [4.586593604324328, 5.7075912740814, -0.19601735780560628], "rotation": [[0.5817449343735972, 0.52187755313504, -0.6238722990632282], [-0.5049723544739365, -0.3695618802566636, -0.780017256500386], [-0.6376329251393027, 0.7688093513707565, 0.048542990301850324]], "fy": -2.2013026214673674e-14, "fx": 2.9284558296204306}, {"id": 96, "img_name": "frame000097.jpg", "width": 1646, "height": 719, "position": [4.4989253747745, 5.734015473166976, -0.036681457869402176], "rotation": [[0.5992954706787189, 0.5171130018742619, -0.6110966350536563], [-0.4911847323559616, -0.3652519320988084, -0.7907772358775945], [-0.6321253932422858, 0.7740705532278023, 0.03510416760922462]], "fy": -2.2013026214673674e-14, "fx": 2.9266953468322674}, {"id": 97, "img_name": "frame000098.jpg", "width": 1646, "height": 719, "position": [4.373928438209549, 5.801813601393766, 0.13744138706858477], "rotation": [[0.6309052178664052, 0.5030557961139734, -0.5906720405393778], [-0.47194889140744795, -0.35543104480554477, -0.8068041708201861], [-0.6158107155434184, 0.7877839755603709, 0.013173337114318432]], "fy": -0.001390820601929163